mingke,153,0,0 . 0000,S,0.01,7.11
xiaoye,78,0,0 . 0000,S,0.01,3.63
muyun,71,0,0 . 0000,S,0.01,3 . 3 0
qianying,56,0,0 . 0000,S,0.01,2.61
wuhuanzi,55,0,0 . 0000,S,0.01,2.56
muchun,54,0,0 . 0000,S,0.01,2.51
sakula,52,0,0 . 0000,S,0.01,2.42
xifenglie,48,0,0 . 0000,S,0.01,2.24
fengshu,44,0,0 . 0000,S,0.01,2.05
wanmiao,44,0,0 . 0000,S,0.01,2.05
huanshi,43,0,0 . 0000,S,0.01,2 . 00
zifu,40,0,0 . 0000,S,0.01,1.86
xielingyun,39,0,0 . 0000,S,0.01,1.82
furui,38,0,0 . 0000,S,0.01,1.77
maikeke,37,0,0 . 0000,S,0.01,1.72
maoyuan,36,0,0 . 0000,S,0.01,1.68
zifang,36,0,0 . 0000,S,0.01,1.68
haisenbao,35,0,0 . 0000,S,0.01,1.63
rongsheng,34,0,0 . 0000,S,0.01,1.58
geli,30,0,0 . 0000,S,0.01,1 . 4 0
shangxuan,30,0,0 . 0000,S,0.01,1 . 4 0
niula,29,0,0 . 0000,0.01,1.35
muchuan,28,0,0 . 0000,S,0.01,1.31
changfan,26,0,0 . 0000,S,0.01,1.21
mulingqiong,26,0,0 . 0000,S,0.01,1.21
bosen,25,0,0 . 0000,0.01,1.17
xuebei,25,0,0 . 0000,S,0.01,1.17
dailan,24,0,0 . 0000,S,0.01,1.12
lenghuo,24,0,0 . 0000,S,0.01,1.12
piaoling,24,0,0 . 0000,S,0.01,1.12
qigefei,24,0,0 . 0000,0.01,1.12
jiangao,23,0,0 . 0000,0.01,1.07
kapai,23,0,0 . 0000,S,0.01,1.07
yuanjie,22,0,0 . 0000,0.01,1.03
haiwangxing,20,0,0 . 0000,0.01,0.93
molin,20,0,0 . 0000,S,0.01,0.93
wangshu,20,0,0 . 0000,S,0.01,0.93
tiqin,18,0,0 . 0000,S,0.01,0.84
xiangshan,17,0,0 . 0000,S,0.01,0.79
baibi,16,0,0 . 0000,S,0.01,0.75
guanyuan,16,0,0 . 0000,0.01,0.75
mawen,16,0,0 . 0000,0.01,0.75
kupo,15,0,0 . 0000,S,0.01,0 . 7 0
wenyue,14,0,0 . 0000,S,0.01,0.66
xiazhi,14,0,0 . 0000,S,0.01,0.66
guimu,13,0,0 . 0000,S,0.01,0.61
jiangxiao,13,0,0 . 0000,0.01,0.61
jielinna,13,0,0 . 0000,S,0.01,0.61
shanqifeng,13,0,0 . 0000,0.01,0.61
xichuan,13,0,0 . 0000,S,0.01,0.61
gouyahua,12,0,0 . 0000,0.01,0.56
gutian,12,0,0 . 0000,S,0.01,0.56
jiaxing,12,0,0 . 0000,0.01,0.56
chuandixing,11,0,0 . 0000,S,0.01,0.52
gaoxuecheng,10,0,0 . 0000,S,0.01,0.47
wujiu,9,0,0 . 0000,0.01,0.42
xiandong,9,0,0 . 0000,S,0.01,0.42
xiongan,9,0,0 . 0000,0.01,0.42
yangxiaokai,9,0,0 . 0000,S,0.01,0.42
yueyueniao,9,0,0 . 0000,S,0.01,0.42
lchen,8,0,0 . 0000,0.01,0.38
linli,8,0,0 . 0000,S,0.01,0.38
xiaolingtong,8,0,0 . 0000,S,0.01,0.38
yilanyue,8,0,0 . 0000,0.01,0.38
baixiao,7,0,0 . 0000,0.01,0.33
liren,7,0,0 . 0000,0.01,0.33
lixi,7,0,0 . 0000,0.01,0.33
yanyao,7,0,0 . 0000,0.01,0.33
daixu,6,0,0 . 0000,0.01,0.28
danbao,6,0,0 . 0000,S,0.01,0.28
dingyuan,6,0,0 . 0000,S,0.01,0.28
leiyunzi,6,0,0 . 0000,S,0.01,0.28
liejin,6,0,0 . 0000,0.01,0.28
luhui,6,0,0 . 0000,0.01,0.28
quanyue,6,0,0 . 0000,S,0.01,0.28
xintao,6,0,0 . 0000,0.01,0.28
bingfa,5,0,0 . 0000,0.01,0.24
choudoudou,5,0,0 . 0000,S,0.01,0.24
fate,5,0,0 . 0000,S,0.01,0.24
miaowahua,5,0,0 . 0000,0.01,0.24
misida,5,0,0 . 0000,S,0.01,0.24
musong,5,0,0 . 0000,S,0.01,0.24
shouyi,5,0,0 . 0000,0.01,0.24
tongxinyuan,5,0,0 . 0000,0.01,0.24
xiaosun,5,0,0 . 0000,S,0.01,0.24
zhuoxi,5,0,0 . 0000,0.01,0.24
beidou,4,0,0 . 0000,S,0.01,0.19
dashui,4,0,0 . 0000,0.01,0.19
dianbing,4,0,0 . 0000,0.01,0.19
fuding,4,0,0 . 0000,S,0.01,0.19
hesite,4,0,0 . 0000,0.01,0.19
jianji,4,0,0 . 0000,0.01,0.19
lingji,4,0,0 . 0000,S,0.01,0.19
luhuanong,4,0,0 . 0000,0.01,0.19
manfen,4,0,0 . 0000,0.01,0.19
pichangshan,4,0,0 . 0000,0.01,0.19
quanaquan,4,0,0 . 0000,0.01,0.19
renyunzong,4,0,0 . 0000,0.01,0.19
shunzhi,4,0,0 . 0000,0.01,0.19
shuxiaoyi,4,0,0 . 0000,0.01,0.19
wenjing,4,0,0 . 0000,S,0.01,0.19
xinchang,4,0,0 . 0000,0.01,0.19
xingzhe,4,0,0 . 0000,0.01,0.19
xuexiao,4,0,0 . 0000,0.01,0.19
yuehua,4,0,0 . 0000,0.01,0.19
yunxue,4,0,0 . 0000,0.01,0.19
yunyang,4,0,0 . 0000,0.01,0.19
zhameng,4,0,0 . 0000,0.01,0.19
ziwu,4,0,0 . 0000,S,0.01,0.19
akesu,3,0,0 . 0000,0.01,0.14
bingqing,3,0,0 . 0000,0.01,0.14
cangcong,3,0,0 . 0000,S,0.01,0.14
duheng,3,0,0 . 0000,0.01,0.14
hubugui,3,0,0 . 0000,0.01,0.14
junshan,3,0,0 . 0000,0.01,0.14
mingsong,3,0,0 . 0000,0.01,0.14
qubing,3,0,0 . 0000,0.01,0.14
shenlan,3,0,0 . 0000,0.01,0.14
shouxihu,3,0,0 . 0000,0.01,0.14
tingting,3,0,0 . 0000,0.01,0.14
xialin,3,0,0 . 0000,0.01,0.14
xianyang,3,0,0 . 0000,0.01,0.14
xiyin,3,0,0 . 0000,0.01,0.14
yanwen,3,0,0 . 0000,0.01,0.14
youhai,3,0,0 . 0000,0.01,0.14
zhanghuanchen,3,0,0 . 0000,S,0.01,0.14
zongtai,3,0,0 . 0000,0.01,0.14
baiyueban,2,0,0 . 0000,0.01,0 . 1 0
beining,2,0,0 . 0000,0.01,0 . 1 0
bingzinian,2,0,0 . 0000,0.01,0 . 1 0
daoma,2,0,0 . 0000,0.01,0 . 1 0
fangrui,2,0,0 . 0000,0.01,0 . 1 0
feichai,2,0,0 . 0000,0.01,0 . 1 0
guanhong,2,0,0 . 0000,0.01,0 . 1 0
luogesi,2,0,0 . 0000,0.01,0 . 1 0
mailin,2,0,0 . 0000,0.01,0 . 1 0
meiqin,2,0,0 . 0000,0.01,0 . 1 0
miaoqi,2,0,0 . 0000,0.01,0 . 1 0
neyan,2,0,0 . 0000,0.01,0 . 1 0
qianhao,2,0,0 . 0000,0.01,0 . 1 0
qingdouya,2,0,0 . 0000,0.01,0 . 1 0
qingmie,2,0,0 . 0000,0.01,0 . 1 0
shazhouleng,2,0,0 . 0000,0.01,0 . 1 0
sixianzi,2,0,0 . 0000,0.01,0 . 1 0
tanxiao,2,0,0 . 0000,0.01,0 . 1 0
tuyou,2,0,0 . 0000,0.01,0 . 1 0
wuyazi,2,0,0 . 0000,0.01,0 . 1 0
yanlai,2,0,0 . 0000,0.01,0 . 1 0
yiqing,2,0,0 . 0000,0.01,0 . 1 0
youfei,2,0,0 . 0000,0.01,0 . 1 0
youpeng,2,0,0 . 0000,S,0.01,0 . 1 0
zelatu,2,0,0 . 0000,0.01,0 . 1 0
zhake,2,0,0 . 0000,0.01,0 . 1 0
zhangbolun,2,0,0 . 0000,0.01,0 . 1 0
zhangyiqiu,2,0,0 . 0000,0.01,0 . 1 0
zhuxiao,2,0,0 . 0000,0.01,0 . 1 0
zhuzhao,2,0,0 . 0000,0.01,0 . 1 0
zuoqiuming,2,0,0 . 0000,0.01,0 . 1 0
angju,1,0,0 . 0000,0.01,0.05
beichen,1,0,0 . 0000,0.01,0.05
beimingyu,1,0,0 . 0000,0.01,0.05
bidiu,1,0,0 . 0000,0.01,0.05
boke,1,0,0 . 0000,0.01,0.05
budong,1,0,0 . 0000,0.01,0.05
cangyuan,1,0,0 . 0000,0.01,0.05
chayu,1,0,0 . 0000,0.01,0.05
dafenguai,1,0,0 . 0000,0.01,0.05
dangkang,1,0,0 . 0000,0.01,0.05
fenxi,1,0,0 . 0000,0.01,0.05
gaoxia,1,0,0 . 0000,0.01,0.05
guide,1,0,0 . 0000,0.01,0.05
hanbao,1,0,0 . 0000,0.01,0.05
huoding,1,0,0 . 0000,0.01,0.05
jiaming,1,0,0 . 0000,0.01,0.05
jiemo,1,0,0 . 0000,S,0.01,0.05
jinzhijian,1,0,0 . 0000,0.01,0.05
jiuyue,1,0,0 . 0000,0.01,0.05
juzhou,1,0,0 . 0000,0.01,0.05
liuxi,1,0,0 . 0000,0.01,0.05
luying,1,0,0 . 0000,0.01,0.05
miancong,1,0,0 . 0000,0.01,0.05
mochen,1,0,0 . 0000,0.01,0.05
musha,1,0,0 . 0000,0.01,0.05
piaolan,1,0,0 . 0000,0.01,0.05
qianye,1,0,0 . 0000,0.01,0.05
qiepian,1,0,0 . 0000,0.01,0.05
ranyu,1,0,0 . 0000,0.01,0.05
shaoyan,1,0,0 . 0000,0.01,0.05
shilu,1,0,0 . 0000,0.01,0.05
shizi,1,0,0 . 0000,0.01,0.05
shuangzhong,1,0,0 . 0000,0.01,0.05
shuntian,1,0,0 . 0000,0.01,0.05
tianjingsha,1,0,0 . 0000,0.01,0.05
tuishui,1,0,0 . 0000,0.01,0.05
tulayang,1,0,0 . 0000,0.01,0.05
tuoersuo,1,0,0 . 0000,0.01,0.05
wanyue,1,0,0 . 0000,0.01,0.05
xiangliu,1,0,0 . 0000,0.01,0.05
xiangxian,1,0,0 . 0000,0.01,0.05
xiaoqingfeng,1,0,0 . 0000,0.01,0.05
xielian,1,0,0 . 0000,0.01,0.05
xiliang,1,0,0 . 0000,0.01,0.05
xishan,1,0,0 . 0000,0.01,0.05
xisuo,1,0,0 . 0000,0.01,0.05
yannanfei,1,0,0 . 0000,0.01,0.05
yegucheng,1,0,0 . 0000,0.01,0.05
yingtian,1,0,0 . 0000,0.01,0.05
yixiang,1,0,0 . 0000,0.01,0.05
youjie,1,0,0 . 0000,0.01,0.05
yuheng,1,0,0 . 0000,0.01,0.05
yunmian,1,0,0 . 0000,0.01,0.05
yutangqing,1,0,0 . 0000,0.01,0.05
zhanglao,1,0,0 . 0000,0.01,0.05
zhengyan,1,0,0 . 0000,0.01,0.05
zhouyao,1,0,0 . 0000,0.01,0.05